*# 00;38;5;240
*1 01;38;5;245
*Dockerfile 01;38;5;245
*Makefile 01;38;5;245
*README 01;38;5;245
*README.markdown 01;38;5;245
*README.txt 01;38;5;245
*Rakefile 01;38;5;245
*build.xml 01;38;5;245
*rc 01;38;5;245
*readme.txt 01;38;5;245
*~ 00;38;5;240
.7z 01;38;5;61
.CR2 00;38;5;136
.JPG 00;38;5;136
.MOV 01;38;5;166
.NEF 00;38;5;136
.PNG 00;38;5;136
.Z 01;38;5;61
.aac 00;38;5;166
.ace 01;38;5;61
.alz 01;31
.anx 01;38;5;166
.apk 01;38;5;61
.arc 01;31
.arj 01;38;5;61
.asf 01;38;5;166
.au 00;38;5;166
.aux 00;38;5;240
.avi 01;38;5;166
.axa 00;38;5;166
.axv 01;38;5;166
.bak 00;38;5;240
.bbl 00;38;5;240
.blg 00;38;5;240
.bmp 00;38;5;136
.bz 01;38;5;61
.bz2 01;38;5;61
.c 01;38;5;245
.cab 01;31
.cache 00;38;5;240
.cc 01;38;5;245
.cfg 01;38;5;245
.cgm 00;38;5;136
.class 00;38;5;240
.conf 01;38;5;245
.cpio 01;38;5;61
.cpp 01;38;5;245
.csv 01;38;5;245
.cxx 01;38;5;245
.deb 01;38;5;61
.divx 01;38;5;166
.dl 00;38;5;136
.dwm 01;31
.dz 01;38;5;61
.ear 01;31
.emf 00;38;5;136
.eps 00;38;5;136
.esd 01;31
.flac 00;38;5;166
.flc 01;38;5;166
.fli 01;38;5;166
.flv 01;38;5;166
.gem 01;38;5;61
.gif 00;38;5;136
.gl 01;38;5;166
.go 01;38;5;245
.gz 01;38;5;61
.h 01;38;5;245
.hpp 01;38;5;245
.ico 00;38;5;136
.incomplete 00;38;5;240
.ini 01;38;5;245
.jar 01;38;5;61
.jpeg 00;38;5;136
.jpg 00;38;5;136
.lha 01;31
.lof 00;38;5;240
.log 00;38;5;240
.lol 00;38;5;240
.lot 00;38;5;240
.lrz 01;31
.lz 01;38;5;61
.lz4 01;31
.lzh 01;38;5;61
.lzma 01;38;5;61
.lzo 01;31
.m2ts 01;38;5;166
.m2v 01;38;5;166
.m4a 00;38;5;166
.m4v 01;38;5;166
.md 01;38;5;245
.mid 00;38;5;166
.midi 00;38;5;166
.mjpeg 01;35
.mjpg 01;35
.mka 00;38;5;166
.mkv 01;38;5;166
.mng 00;38;5;136
.mov 01;38;5;166
.mp3 00;38;5;166
.mp4 01;38;5;166
.mp4v 01;38;5;166
.mpc 00;38;5;166
.mpeg 01;38;5;166
.mpg 01;38;5;166
.n3 01;38;5;245
.nef 00;38;5;136
.nfo 01;38;5;245
.nt 01;38;5;245
.nuv 01;38;5;166
.o 00;38;5;240
.objc 01;38;5;245
.oga 00;38;5;166
.ogg 00;38;5;166
.ogm 01;38;5;166
.ogv 01;38;5;166
.ogx 01;38;5;166
.opus 00;38;5;166
.out 00;38;5;240
.owl 01;38;5;245
.part 00;38;5;240
.pbm 00;38;5;136
.pcx 00;38;5;136
.pgm 00;38;5;136
.png 00;38;5;136
.ppm 00;38;5;136
.pyc 00;38;5;240
.qt 01;38;5;166
.ra 00;38;5;166
.rar 01;38;5;61
.rdf 01;38;5;245
.rm 01;38;5;166
.rmvb 01;38;5;166
.rpm 01;38;5;61
.rz 01;38;5;61
.sar 01;31
.spx 00;38;5;166
.sql 01;38;5;245
.sqlite 01;38;5;245
.svg 00;38;5;136
.svgz 00;38;5;136
.swm 01;31
.swp 00;38;5;240
.t7z 01;31
.tar 00;38;5;61
.taz 01;38;5;61
.tbz 01;38;5;61
.tbz2 01;38;5;61
.temp 00;38;5;240
.tex 01;38;5;245
.tga 00;38;5;136
.tgz 01;38;5;61
.tif 00;38;5;136
.tiff 00;38;5;136
.tlz 01;38;5;61
.tmp 00;38;5;240
.toc 00;38;5;240
.torrent 01;38;5;245
.ttl 01;38;5;245
.txz 01;38;5;61
.tz 01;38;5;61
.tzo 01;31
.tzst 01;31
.vob 01;38;5;166
.war 01;31
.wav 00;38;5;166
.webm 01;38;5;166
.webp 00;38;5;136
.wim 01;31
.wmv 01;38;5;166
.xbm 00;38;5;136
.xcf 00;38;5;136
.xml 01;38;5;245
.xpm 00;38;5;136
.xspf 00;38;5;166
.xwd 00;38;5;136
.xz 01;38;5;61
.yml 01;38;5;245
.yuv 00;38;5;136
.z 01;38;5;61
.zip 01;38;5;61
.zoo 01;38;5;61
.zst 01;38;5;61
BLK 48;5;230;38;5;244;01
CAPABILITY 30;41
CHR 48;5;230;38;5;244;01
DIR 00;38;5;33
DOOR 48;5;230;38;5;136;01
EXEC 01;38;5;64
FIFO 48;5;230;38;5;136;01
LINK 01;38;5;37
MISSING 00
MULTIHARDLINK 00
ORPHAN 48;5;235;38;5;160
OTHER_WRITABLE 48;5;235;38;5;33
RESET 0
SETGID 48;5;136;38;5;230
SETUID 48;5;160;38;5;230
SOCK 48;5;230;38;5;136;01
STICKY 48;5;33;38;5;230
STICKY_OTHER_WRITABLE 48;5;64;38;5;230
